Times (ms):
gpu-original: [0.7456287999999999, 0.28993919999999995, 0.7497536, 0.3097856, 0.5344863999999999, 0.35150400000000004, 0.5366848, 0.34481280000000003]
cpu-serial: [100.7092, 11.1364, 101.38109999999999, 11.569799999999997, 58.43139999999998, 10.870899999999999, 59.3587, 10.8447]
cpu-parallel: [8.6846, 1.9845, 8.278300000000002, 2.0208, 6.928399999999999, 2.2982000000000005, 6.341700000000001, 2.3456]
Speedups:
gpu-over-cpu-serial: [135.06613478449333, 38.409432046442845, 135.2192240223988, 37.347765680522265, 109.32251971238182, 30.9268173335154, 110.60253616275327, 31.450978617963134]
gpu-over-cpu-parallel: [11.647350531524536, 6.844538441162838, 11.041360788397684, 6.523221221386662, 12.962724589437636, 6.538190177067687, 11.816433034809261, 6.8025316925589765]
cpu-parallel-over-serial: [11.59629689335145, 5.611690602166793, 12.246608603215632, 5.725356294536816, 8.433606604699497, 4.730180140979896, 9.36006118233281, 4.623422578444747]
Transfer times (ms):
[10.9638, 8.443999999999999, 7.3792, 7.437799999999998]