Times (ms):
gpu-original: [0.7451935999999999, 0.30781759999999997, 0.7484864, 0.30725759999999996, 0.534928, 0.35247039999999996, 0.5338272, 0.35362240000000006]
cpu-serial: [121.4604, 17.1543, 121.92080000000001, 16.4726, 76.1656, 16.976599999999998, 75.38450000000002, 17.247500000000002]
cpu-parallel: [11.9105, 3.4450000000000003, 10.8084, 3.0271999999999997, 8.800300000000002, 3.8892999999999995, 8.5176, 3.8144000000000005]
Speedups:
gpu-over-cpu-serial: [162.99173798594086, 55.728782239871926, 162.88980000171014, 53.611692599304305, 142.38476953907815, 48.164611836908854, 141.2151722504961, 48.77377677432199]
gpu-over-cpu-parallel: [15.98309486286517, 11.19169274271517, 14.440342536617901, 9.85231935678727, 16.451372895043825, 11.034401754019628, 15.95572499865125, 10.786646999737572]
cpu-parallel-over-serial: [10.197758280508795, 4.979477503628447, 11.280189482254544, 5.441530126849895, 8.65488676522391, 4.364949991000951, 8.85043909082371, 4.5216809983221475]
Transfer times (ms):
[14.532950000000003, 10.03035, 9.368649999999999, 9.4085]